341 258 465 257
341 258 464 256
341 258 466 256
341 258 466 256
341 258 466 256
341 258 466 256
342 258 466 256
341 258 466 256
341 257 466 255
341 257 466 256
341 257 466 255
341 257 466 256
342 258 466 256
341 257 466 255
342 256 466 255
342 256 466 254
344 255 468 253
344 263 474 261
344 263 474 261
346 290 489 288
347 303 498 302
347 303 498 302
347 303 498 302
347 303 498 302
347 303 498 302
347 303 498 302
347 303 498 302
347 303 498 302
347 303 498 302
347 303 498 302
350 307 502 304
341 295 490 292
340 284 484 282
328 271 461 269
318 260 441 257
307 252 425 249
302 250 417 247
296 248 407 243
292 246 401 241
288 248 396 242
296 249 398 243
301 249 403 244
302 249 408 244
300 250 407 244
300 249 407 244
303 250 410 245
306 251 413 246
309 251 417 247
310 251 418 247
313 251 423 247
313 253 425 249
313 260 429 255
314 262 431 257
321 261 430 256
325 262 433 257
327 261 438 257
327 262 439 257
325 262 439 258
325 262 438 257
327 262 439 258
