295 192 371 190
294 193 370 189
296 193 369 190
297 192 374 189
297 193 374 190
92 262 120 259
297 193 373 190
297 194 368 190
296 193 372 189
296 193 90 236
297 192 372 190
297 192 372 190
298 192 373 189
297 192 373 189
296 193 373 189
297 192 368 190
294 192 368 189
292 192 365 190
292 192 363 192
292 192 362 191
292 192 362 191
292 192 361 191
287 195 360 191
287 195 361 191
287 195 362 189
295 192 370 188
294 194 367 190
295 193 369 188
295 193 364 195
294 193 370 191
299 193 376 191
299 193 377 191
294 192 371 189
294 192 371 189
293 193 370 190
293 193 368 189
292 193 368 188
291 193 367 188
289 194 364 188
289 194 354 189
289 194 352 190
289 194 351 190
289 194 351 191
289 194 352 190
289 194 350 192
283 199 358 191
288 198 362 192
289 197 366 192
284 197 359 190
284 197 349 191
284 197 346 191
284 197 345 191
284 197 345 191
284 197 344 192
284 197 346 192
284 197 349 188
282 198 357 191
286 198 362 191
287 198 365 192
283 199 357 190
283 199 357 190
283 199 361 187
283 199 361 187
283 199 361 187
283 199 361 187
283 199 361 187
283 199 361 187
283 199 361 187
283 199 50 223
283 199 71 224
283 199 71 224
283 199 71 224
283 199 71 224
283 199 71 224
283 199 71 224
283 199 71 224
283 199 71 224
283 199 71 224
283 199 71 224
283 199 71 224
283 199 71 224
283 199 71 224
283 199 71 224
283 199 71 224
283 199 71 224
283 199 71 224
283 199 71 224
283 199 71 224
283 199 71 224
283 199 71 224
283 199 71 224
283 199 71 224
283 199 71 224
283 199 71 224
283 199 71 224
283 199 71 224
283 199 71 224
283 199 71 224
283 199 71 224
283 199 71 224
283 199 71 224
283 199 71 224
283 199 71 224
283 199 71 224
283 199 71 224
283 199 71 224
283 199 71 224
283 199 71 224
283 199 71 224
283 199 71 224
283 199 71 224
283 199 71 224
283 199 71 224
283 199 71 224
283 199 71 224
283 199 71 224
283 199 71 224
283 199 71 224
283 199 472 216
283 199 469 216
283 199 70 221
283 199 48 215
283 199 48 215
283 199 48 215
283 199 39 216
283 199 39 216
283 199 36 215
283 199 36 215
283 199 36 215
283 199 36 215
283 199 36 215
283 199 36 215
283 199 36 215
283 199 36 215
283 199 36 215
283 199 36 215
283 199 36 215
283 199 36 215
283 199 36 215
283 199 36 215
283 199 36 215
283 199 36 215
283 199 36 215
283 199 36 215
283 199 53 219
283 199 53 219
283 199 53 219
283 199 47 214
283 199 47 214
283 199 48 215
283 199 48 215
283 199 48 215
283 199 48 215
283 199 48 215
283 199 42 220
283 199 42 220
283 199 42 220
283 199 42 220
283 199 42 220
283 199 455 223
283 199 455 223
283 199 455 223
283 199 455 223
283 199 40 215
283 199 40 215
