265 219 372 222
266 219 372 222
266 218 372 222
266 218 373 222
266 218 372 222
266 219 371 222
265 218 370 222
265 218 370 221
265 218 369 221
265 218 370 221
264 217 369 221
264 217 370 221
263 217 370 221
263 217 368 221
263 217 368 221
263 218 368 222
263 218 368 222
263 217 367 221
263 217 367 221
262 217 367 221
262 217 367 221
262 217 368 221
262 217 367 221
263 217 368 221
262 217 366 222
262 217 366 221
261 217 366 221
261 216 367 221
261 217 366 221
261 217 365 222
260 217 365 221
260 218 365 222
260 217 365 221
261 217 365 221
261 217 364 222
260 217 366 221
261 217 365 221
260 217 365 221
262 217 366 221
261 216 365 220
261 217 366 221
261 217 366 221
261 218 367 222
262 217 367 221
262 217 366 221
262 216 366 220
262 218 367 221
262 216 368 220
263 217 368 220
263 217 369 220
264 217 369 221
264 218 369 222
264 217 369 221
265 218 370 222
264 218 370 221
265 218 371 221
265 217 371 221
266 218 371 221
266 217 372 221
266 218 372 221
266 217 372 221
266 217 371 221
267 216 372 220
267 217 373 221
268 217 373 221
268 216 372 220
268 215 373 219
268 215 373 219
269 215 373 220
269 216 373 221
268 216 373 219
267 216 372 220
268 216 373 219
268 216 373 220
268 215 374 219
268 215 373 220
269 214 373 220
268 215 373 220
269 215 373 220
268 215 374 219
269 215 373 219
268 216 373 220
269 215 372 220
268 215 374 220
268 215 372 220
268 216 373 220
267 215 373 220
268 215 373 219
268 216 373 220
268 215 373 220
267 216 372 220
269 216 373 221
269 217 373 220
268 216 374 220
268 216 373 220
268 217 373 222
268 217 374 221
268 217 372 222
268 217 375 222
269 217 373 221
268 217 373 221
268 217 373 222
268 218 373 222
268 218 373 222
267 217 373 222
268 217 373 222
268 218 374 221
267 218 372 222
267 218 372 221
267 218 372 222
267 218 372 221
267 218 372 222
267 218 373 222
268 217 373 222
268 218 373 222
269 218 374 222
269 219 374 222
269 217 374 222
270 218 375 222
270 218 375 222
270 219 375 223
270 219 376 222
270 218 376 223
271 218 376 222
271 218 376 223
270 218 376 223
271 218 377 222
271 218 377 222
270 219 377 222
270 219 376 223
271 219 377 222
271 219 377 223
270 219 376 222
271 218 376 222
271 218 377 222
270 219 376 222
271 219 377 222
270 218 376 222
270 219 378 222
271 218 377 222
271 219 376 222
270 219 377 223
270 219 377 222
270 219 377 222
270 219 376 222
269 219 376 222
270 219 375 223
269 219 375 222
269 219 375 222
269 219 375 222
268 219 374 222
268 219 374 222
267 219 373 222
267 219 374 222
266 219 373 221
267 219 373 222
267 219 372 223
266 219 373 222
267 218 372 222
266 219 372 223
267 219 372 222
266 219 372 224
266 219 371 222
265 219 370 223
265 218 369 223
266 219 370 223
265 219 371 223
265 219 372 223
266 219 372 224
266 219 371 223
266 220 373 224
267 220 372 224
267 220 373 223
267 220 371 223
266 220 372 225
266 220 372 224
266 220 372 224
266 221 372 224
266 221 373 224
266 221 373 225
265 221 372 224
266 220 372 224
266 221 372 225
265 221 371 225
265 221 371 225
265 221 372 224
265 221 371 225
264 221 371 224
264 222 370 224
264 221 371 225
265 221 371 224
264 221 370 225
264 220 369 225
265 221 369 225
265 221 370 226
265 221 371 225
265 221 371 224
265 221 371 225
264 220 371 224
264 221 371 224
265 221 370 224
265 221 371 224
265 220 372 224
266 220 371 224
265 220 371 224
266 221 371 225
265 220 371 223
266 220 371 224
