284 176 411 183
283 179 409 182
285 178 410 183
285 177 412 183
285 178 412 183
286 178 411 184
286 178 411 182
286 177 411 183
285 177 412 183
285 178 412 181
285 177 411 181
285 178 409 183
284 176 412 180
281 177 406 181
280 176 403 181
280 176 403 182
278 175 402 181
278 176 398 183
277 176 399 182
276 176 399 183
276 176 398 182
275 176 398 182
275 178 395 186
276 180 396 186
276 180 398 186
276 182 400 187
277 184 401 189
277 184 400 190
276 185 401 191
277 185 401 191
279 186 402 191
280 185 404 191
283 186 410 192
285 186 412 192
288 186 414 193
289 186 415 193
290 186 415 193
291 186 417 192
293 186 417 193
293 185 419 190
295 185 419 192
294 182 420 189
295 180 421 187
296 179 421 185
295 178 421 183
296 177 421 183
289 176 415 182
289 177 413 182
289 176 413 181
288 176 413 180
287 177 411 181
285 177 409 181
284 177 410 181
284 177 409 181
280 177 404 181
281 175 404 181
280 177 401 183
278 177 402 181
276 176 398 182
275 177 399 182
275 178 396 184
277 177 399 184
275 177 397 185
275 180 397 185
275 180 396 185
274 181 398 186
275 181 399 188
276 182 397 188
277 185 402 189
278 185 401 191
277 185 402 191
277 186 402 191
280 186 404 191
280 186 405 192
284 187 410 192
284 187 408 192
285 187 409 193
286 186 410 193
290 187 418 193
292 186 419 194
294 186 421 194
294 186 420 193
295 185 421 193
296 182 423 188
297 179 422 186
298 179 423 186
298 178 424 184
297 177 423 184
297 177 422 182
297 177 423 181
295 176 421 181
290 176 415 182
289 176 416 181
288 176 413 181
287 176 412 182
287 177 411 182
287 177 412 183
287 177 413 182
285 178 411 181
285 174 411 181
281 177 406 181
280 177 403 183
278 176 400 183
278 177 400 183
278 175 400 184
278 178 401 186
278 180 399 186
278 182 401 188
279 185 403 191
281 186 404 192
280 186 405 193
282 187 408 193
281 187 406 193
283 187 407 194
287 187 418 194
289 187 413 193
282 188 415 194
290 187 419 194
291 187 416 194
293 186 419 193
296 182 420 188
294 179 421 185
295 179 422 185
294 179 421 186
296 180 421 185
291 178 417 184
290 178 417 183
286 178 411 183
286 177 414 182
287 178 412 183
286 178 412 184
287 177 412 182
287 177 412 182
286 176 412 182
286 177 413 183
285 176 411 183
286 177 412 181
286 177 411 183
286 176 413 181
285 177 410 182
282 176 409 181
278 177 403 182
