None None
None None
None None
None None
None None
(308, 115) (430, 115)
(306, 114) (430, 115)
(307, 117) (429, 117)
None None
None None
None None
None None
None None
None None
None None
None None
None None
None None
None None
(305, 110) (438, 111)
None None
None None
(321, 120) (446, 122)
(324, 122) (446, 126)
None None
None None
None None
(311, 136) (430, 141)
(313, 136) (433, 141)
(317, 136) (438, 139)
(320, 136) (439, 141)
(320, 136) (440, 141)
(318, 136) (440, 140)
(318, 135) (440, 139)
(318, 136) (439, 140)
(318, 135) (439, 139)
(317, 136) (439, 140)
(317, 137) (440, 140)
(315, 136) (436, 141)
(319, 136) (439, 141)
(318, 138) (440, 142)
(318, 137) (439, 141)
(318, 139) (437, 142)
(318, 138) (438, 142)
(317, 137) (441, 141)
(316, 137) (439, 142)
(319, 135) (441, 140)
(320, 136) (440, 139)
(318, 135) (438, 139)
(317, 135) (441, 140)
(317, 135) (438, 139)
(318, 135) (440, 140)
(317, 136) (437, 139)
(316, 134) (441, 139)
(319, 134) (440, 138)
(316, 134) (437, 138)
(319, 134) (436, 137)
(316, 132) (439, 136)
(314, 132) (436, 136)
(315, 130) (436, 135)
(313, 131) (434, 135)
(310, 130) (434, 132)
(308, 128) (431, 132)
(308, 126) (432, 131)
(310, 127) (431, 129)
(310, 125) (432, 130)
(308, 126) (432, 129)
(310, 125) (433, 129)
(312, 127) (432, 130)
(310, 126) (433, 129)
(313, 126) (433, 128)
(312, 128) (433, 130)
(312, 126) (434, 130)
(319, 126) (441, 126)
(322, 126) (444, 125)
(322, 126) (447, 124)
(323, 126) (446, 125)
(324, 126) (448, 125)
(324, 126) (448, 125)
(318, 125) (443, 127)
(314, 127) (438, 131)
(311, 127) (433, 132)
None None
(292, 125) (410, 133)
(289, 124) (407, 132)
(287, 124) (409, 130)
None None
(300, 124) (424, 127)
(301, 126) (423, 129)
(300, 127) (424, 130)
(298, 127) (423, 130)
(298, 127) (421, 129)
(298, 126) (422, 130)
(300, 128) (423, 129)
(297, 128) (423, 130)
(302, 126) (423, 130)
(298, 124) (423, 125)
(295, 125) (420, 127)
(294, 125) (421, 127)
(291, 123) (417, 124)
(288, 122) (416, 124)
(283, 120) (416, 122)
(277, 116) (413, 118)
(276, 115) (410, 115)
(275, 112) (412, 114)
(275, 112) (412, 113)
(276, 114) (411, 116)
(276, 116) (411, 116)
(276, 115) (412, 116)
(277, 115) (414, 117)
(280, 113) (416, 115)
(281, 113) (417, 115)
(283, 112) (419, 115)
(283, 113) (420, 115)
(289, 115) (423, 116)
(289, 115) (423, 115)
(290, 115) (423, 116)
(291, 116) (425, 115)
(291, 114) (424, 116)
(292, 114) (426, 115)
(292, 115) (425, 115)
(292, 115) (426, 115)
(293, 114) (425, 115)
(291, 113) (425, 114)
None None
(269, 110) (402, 113)
(273, 112) (403, 113)
(267, 111) (399, 114)
(268, 111) (400, 114)
(268, 111) (401, 112)
(266, 112) (398, 114)
(267, 113) (399, 114)
(265, 113) (396, 114)
(264, 112) (397, 115)
(264, 114) (401, 113)
(279, 115) (411, 118)
(278, 118) (412, 119)
(279, 117) (412, 120)
None None
None None
None None
(261, 111) (392, 113)
(261, 111) (391, 114)
(260, 111) (391, 112)
(260, 111) (390, 113)
None None
(258, 111) (389, 113)
(258, 111) (389, 113)
None None
(257, 111) (387, 113)
None None
None None
None None
(272, 115) (406, 117)
(272, 114) (407, 117)
(273, 116) (407, 118)
(274, 116) (407, 116)
None None
None None
(261, 114) (397, 115)
None None
None None
None None
(284, 140) (419, 137)
None None
None None
None None
None None
None None
None None
None None
None None
None None
None None
None None
(263, 131) (393, 127)
None None
(270, 133) (409, 129)
None None
None None
None None
None None
None None
None None
None None
None None
None None
(276, 128) (414, 128)
None None
None None
None None
None None
None None
None None
None None
None None
None None
(304, 139) (432, 140)
(307, 139) (433, 141)
(307, 138) (434, 141)
(308, 138) (433, 142)
(309, 139) (435, 141)
(310, 137) (436, 141)
(311, 138) (438, 140)
(312, 136) (438, 139)
(298, 133) (433, 137)
(296, 133) (422, 134)
(295, 133) (423, 135)
(295, 132) (423, 134)
(294, 132) (422, 135)
(293, 132) (422, 134)
(293, 133) (420, 135)
(294, 133) (417, 136)
(293, 134) (422, 135)
(293, 133) (420, 135)
(293, 134) (420, 135)
(292, 134) (416, 136)
None None
(303, 134) (429, 136)
(305, 136) (433, 138)
(306, 136) (432, 138)
(307, 135) (430, 137)
(306, 135) (433, 137)
(308, 134) (433, 138)
(304, 134) (432, 136)
(307, 133) (432, 137)
None None
(291, 131) (414, 134)
(290, 131) (414, 132)
(289, 131) (412, 134)
None None
(301, 135) (428, 136)
(302, 134) (427, 137)
None None
(299, 131) (428, 132)
(298, 130) (428, 132)
(299, 130) (427, 132)
(296, 131) (426, 133)
(294, 133) (426, 134)
(291, 132) (424, 136)
(293, 135) (423, 137)
(295, 135) (421, 136)
(295, 135) (423, 137)
(293, 135) (424, 137)
(294, 135) (423, 136)
(293, 135) (423, 136)
(294, 134) (423, 135)
(287, 134) (416, 134)
(287, 133) (415, 134)
(285, 134) (408, 132)
(284, 134) (410, 134)
(284, 134) (407, 135)
(281, 134) (406, 135)
(283, 134) (406, 134)
(282, 134) (407, 134)
(283, 133) (406, 134)
(282, 134) (406, 134)
(282, 134) (406, 134)
(281, 134) (408, 134)
(281, 134) (407, 134)
(282, 133) (406, 133)
None None
(293, 137) (423, 137)
(296, 136) (420, 137)
(298, 137) (423, 139)
(299, 135) (424, 139)
None None
None None
(302, 140) (424, 142)
None None
None None
None None
None None
None None
None None
(263, 189) (391, 194)
None None
None None
None None
None None
None None
None None
(265, 163) (393, 168)
(263, 160) (392, 163)
(261, 159) (391, 163)
(260, 160) (393, 163)
(264, 160) (391, 164)
(263, 159) (391, 163)
(263, 159) (392, 164)
(264, 159) (392, 163)
(263, 159) (393, 163)
(264, 160) (394, 164)
(262, 161) (392, 165)
(263, 161) (391, 165)
(260, 163) (390, 167)
(262, 160) (389, 166)
(259, 161) (387, 165)
None None
(259, 161) (386, 165)
(261, 159) (387, 165)
(260, 158) (387, 164)
(259, 160) (389, 164)
None None
(261, 157) (390, 161)
(259, 158) (389, 160)
(259, 156) (387, 161)
None None
None None
None None
None None
(262, 153) (394, 158)
(262, 153) (394, 158)
(266, 152) (398, 157)
(271, 153) (400, 158)
(273, 155) (403, 159)
(275, 154) (404, 158)
(274, 154) (403, 160)
(271, 155) (401, 160)
(270, 157) (399, 162)
(269, 157) (397, 162)
None None
None None
None None
(243, 155) (374, 159)
None None
(252, 157) (381, 161)
(252, 157) (381, 162)
(252, 158) (379, 162)
None None
None None
None None
None None
None None
None None
None None
None None
None None
None None
None None
None None
(315, 144) (456, 149)
(319, 146) (459, 152)
None None
(320, 149) (463, 152)
(317, 147) (463, 153)
None None
(306, 145) (443, 149)
(305, 146) (443, 149)
(304, 146) (442, 150)
(305, 146) (441, 149)
(305, 145) (444, 149)
(306, 145) (444, 148)
(311, 144) (452, 150)
(315, 144) (462, 151)
(317, 145) (466, 152)
(320, 147) (467, 153)
(321, 146) (460, 152)
(323, 147) (461, 152)
(324, 148) (456, 152)
None None
None None
(323, 146) (463, 152)
(314, 148) (464, 153)
(324, 146) (469, 153)
(325, 147) (465, 153)
(327, 144) (458, 152)
(321, 149) (467, 154)
(327, 151) (467, 158)
(329, 155) (469, 162)
(331, 159) (470, 165)
(331, 160) (468, 167)
(333, 160) (468, 168)
(332, 161) (464, 169)
(331, 163) (461, 171)
(330, 166) (459, 173)
(326, 167) (449, 173)
(323, 167) (452, 174)
(322, 166) (449, 172)
(319, 166) (449, 172)
(318, 164) (448, 171)
(317, 163) (441, 169)
(317, 163) (447, 169)
(316, 162) (447, 169)
(317, 162) (447, 169)
(318, 161) (449, 168)
(321, 161) (451, 167)
(323, 160) (454, 167)
(325, 160) (455, 167)
(326, 160) (456, 167)
(326, 160) (455, 168)
(325, 160) (453, 167)
(323, 160) (454, 169)
(323, 160) (454, 168)
(322, 161) (453, 169)
(320, 160) (451, 167)
(319, 160) (452, 168)
(317, 160) (448, 168)
(309, 159) (434, 165)
(304, 159) (429, 166)
(304, 159) (430, 165)
(303, 159) (430, 165)
(303, 160) (429, 165)
(305, 159) (433, 165)
(313, 161) (444, 167)
(315, 161) (445, 167)
(314, 161) (445, 168)
(314, 161) (444, 167)
(313, 162) (443, 168)
(312, 162) (443, 168)
(310, 162) (442, 168)
(311, 162) (443, 168)
(311, 161) (443, 168)
(311, 161) (443, 168)
(312, 162) (444, 169)
(314, 163) (443, 170)
(315, 165) (442, 171)
(317, 167) (441, 172)
(320, 170) (442, 176)
(319, 172) (437, 178)
(319, 178) (431, 183)
(318, 181) (432, 186)
(318, 188) (430, 192)
(321, 195) (425, 200)
(319, 203) (423, 209)
(319, 205) (424, 211)
(320, 206) (423, 212)
(321, 205) (422, 211)
(320, 207) (428, 213)
(321, 207) (422, 212)
(318, 208) (421, 213)
(318, 208) (422, 213)
(321, 207) (424, 212)
(321, 208) (424, 212)
(316, 206) (420, 211)
(311, 204) (416, 211)
(310, 204) (415, 210)
None None
None None
(310, 208) (418, 213)
(311, 208) (417, 214)
(310, 208) (417, 213)
(311, 208) (417, 212)
(315, 210) (420, 213)
(315, 210) (420, 214)
(314, 211) (420, 214)
(315, 211) (420, 214)
(314, 211) (418, 214)
(314, 210) (420, 215)
(314, 212) (419, 215)
(314, 212) (419, 216)
(315, 212) (420, 216)
(316, 212) (425, 216)
(317, 212) (425, 216)
(318, 213) (426, 217)
(318, 212) (427, 216)
(318, 212) (428, 216)
(319, 211) (428, 216)
(322, 212) (431, 217)
(327, 212) (435, 218)
(337, 212) (441, 219)
(340, 212) (445, 219)
(344, 212) (451, 222)
(348, 212) (454, 223)
(355, 213) (452, 223)
(359, 213) (455, 224)
(362, 213) (458, 224)
(362, 213) (460, 225)
(372, 215) (463, 226)
(377, 216) (468, 227)
(383, 217) (473, 228)
(384, 217) (474, 229)
(386, 218) (475, 230)
(387, 218) (475, 230)
(387, 218) (475, 230)
(385, 218) (475, 230)
(385, 219) (475, 230)
(386, 218) (474, 230)
(386, 218) (474, 230)
(386, 218) (474, 230)
(385, 217) (475, 230)
(386, 218) (474, 230)
(385, 217) (474, 229)
(382, 216) (472, 228)
(376, 215) (471, 228)
(370, 215) (468, 227)
(365, 214) (464, 226)
(362, 213) (460, 225)
(357, 212) (456, 224)
(351, 212) (451, 223)
(341, 212) (445, 221)
(334, 211) (438, 219)
(328, 211) (436, 218)
(322, 211) (431, 217)
(318, 211) (423, 216)
(316, 211) (424, 216)
(313, 211) (419, 215)
(309, 211) (416, 214)
(305, 212) (414, 214)
(304, 212) (413, 214)
(305, 212) (413, 214)
(305, 212) (411, 214)
(305, 212) (414, 214)
(308, 212) (416, 214)
(310, 211) (417, 214)
(310, 212) (417, 214)
(311, 212) (419, 215)
(312, 210) (418, 213)
(312, 209) (419, 212)
(312, 206) (419, 210)
(313, 204) (420, 209)
(314, 202) (421, 206)
(314, 200) (421, 205)
(316, 198) (422, 203)
(317, 198) (424, 203)
(318, 198) (421, 203)
(321, 198) (427, 204)
(325, 197) (433, 205)
(326, 196) (434, 205)
(325, 192) (434, 202)
(326, 188) (433, 198)
(327, 185) (432, 195)
(327, 181) (436, 192)
(320, 179) (432, 189)
(318, 174) (431, 184)
(317, 175) (432, 185)
(315, 173) (432, 184)
(318, 174) (432, 183)
(315, 176) (432, 185)
(313, 180) (431, 189)
(312, 184) (431, 193)
(311, 188) (429, 196)
(311, 192) (427, 200)
(311, 194) (427, 202)
(310, 195) (426, 203)
(310, 197) (426, 205)
(311, 197) (425, 205)
(313, 198) (425, 206)
(310, 197) (425, 205)
(310, 198) (424, 206)
(309, 197) (424, 205)
(309, 197) (424, 205)
(309, 197) (424, 205)
(308, 197) (424, 204)
(308, 197) (422, 205)
(305, 196) (423, 204)
(301, 193) (412, 201)
(299, 193) (408, 201)
(297, 192) (408, 200)
(297, 192) (409, 200)
(298, 192) (408, 200)
(297, 192) (408, 200)
(304, 195) (421, 203)
(304, 196) (420, 203)
(304, 197) (420, 204)
(304, 197) (420, 204)
(304, 197) (420, 205)
(304, 197) (419, 205)
(305, 197) (419, 205)
(305, 197) (421, 205)
(306, 197) (420, 205)
(305, 197) (421, 204)
(307, 196) (422, 204)
(306, 196) (421, 204)
(306, 196) (421, 204)
(307, 196) (420, 203)
(306, 195) (421, 202)
(308, 193) (422, 201)
(309, 191) (425, 200)
(312, 189) (427, 198)
(316, 187) (431, 196)
(320, 184) (434, 194)
(323, 181) (437, 191)
(326, 178) (441, 188)
(325, 175) (443, 185)
(325, 173) (442, 184)
(326, 171) (443, 181)
(323, 167) (442, 177)
(321, 164) (442, 174)
(316, 162) (438, 170)
(312, 158) (437, 166)
(309, 155) (433, 163)
(304, 154) (425, 161)
(301, 153) (423, 160)
(298, 154) (420, 159)
(295, 152) (418, 158)
(294, 150) (418, 156)
(295, 149) (417, 155)
(294, 148) (423, 154)
(294, 146) (422, 152)
(293, 143) (416, 149)
(292, 140) (418, 146)
(290, 138) (414, 144)
(289, 135) (417, 141)
(287, 132) (414, 138)
(286, 127) (414, 133)
(280, 121) (407, 127)
(279, 121) (406, 127)
(275, 124) (405, 129)
(273, 125) (404, 130)
(272, 123) (402, 129)
(270, 127) (401, 131)
(271, 130) (401, 132)
(270, 129) (400, 133)
(268, 130) (399, 134)
(268, 132) (398, 136)
(269, 134) (397, 137)
(265, 133) (393, 137)
(262, 138) (391, 142)
None None
(267, 158) (393, 162)
None None
(273, 184) (394, 188)
None None
None None
None None
None None
(281, 188) (395, 193)
None None
None None
None None
None None
None None
(285, 200) (400, 204)
None None
None None
None None
(298, 229) (411, 235)
(300, 229) (408, 235)
(299, 232) (405, 238)
(301, 237) (410, 243)
(302, 231) (405, 237)
(303, 230) (404, 236)
(300, 225) (400, 232)
(301, 220) (400, 226)
(300, 217) (406, 224)
(299, 215) (399, 222)
(299, 215) (399, 222)
(299, 215) (399, 223)
(300, 218) (398, 224)
(300, 218) (399, 224)
(301, 218) (400, 225)
(300, 219) (400, 225)
(300, 219) (403, 225)
(301, 218) (399, 224)
(302, 218) (400, 224)
(304, 219) (402, 226)
(305, 221) (408, 229)
(306, 223) (405, 230)
(309, 225) (408, 232)
(313, 228) (416, 236)
(315, 229) (416, 237)
(316, 228) (416, 237)
(313, 226) (415, 234)
(312, 226) (411, 234)
(305, 223) (406, 231)
(302, 223) (404, 229)
(300, 222) (401, 228)
(297, 221) (401, 227)
(298, 220) (399, 227)
(297, 220) (400, 227)
(297, 219) (400, 226)
(297, 219) (400, 226)
(296, 216) (399, 223)
(296, 216) (400, 223)
(297, 216) (400, 222)
(297, 215) (400, 222)
(297, 215) (396, 221)
(297, 215) (400, 222)
(297, 216) (400, 223)
(297, 215) (400, 223)
(298, 216) (401, 222)
(298, 216) (401, 223)
(298, 216) (400, 223)
(298, 217) (401, 224)
(299, 217) (401, 224)
(299, 218) (401, 225)
(302, 218) (401, 225)
(300, 218) (402, 225)
(303, 218) (402, 225)
(301, 219) (402, 225)
(300, 219) (402, 225)
(301, 218) (402, 225)
(301, 218) (402, 225)
(304, 219) (402, 225)
(301, 219) (402, 226)
(300, 219) (402, 226)
(300, 219) (402, 226)
(299, 219) (401, 226)
(300, 219) (399, 226)
(301, 218) (403, 225)
(302, 218) (403, 226)
(300, 218) (403, 225)
(301, 218) (402, 225)
(305, 217) (405, 223)
(304, 216) (405, 223)
(300, 217) (402, 224)
(298, 216) (401, 224)
(293, 215) (391, 222)
(293, 215) (391, 222)
(293, 215) (391, 221)
(292, 215) (390, 222)
(292, 215) (396, 222)
(292, 215) (390, 222)
(295, 215) (399, 222)
(296, 216) (400, 222)
(299, 217) (401, 223)
(299, 217) (402, 224)
(300, 218) (402, 224)
(299, 217) (402, 224)
(299, 217) (401, 224)
(293, 217) (395, 223)
(289, 215) (387, 221)
(289, 215) (386, 221)
(289, 215) (386, 221)
(289, 215) (386, 220)
(288, 216) (387, 221)
(292, 216) (397, 222)
(294, 217) (397, 223)
(294, 217) (397, 223)
(295, 218) (397, 223)
(296, 218) (399, 224)
(296, 218) (398, 224)
(298, 218) (399, 224)
(297, 218) (399, 224)
(297, 218) (399, 225)
(297, 218) (398, 225)
(301, 218) (404, 225)
(306, 216) (408, 222)
(306, 216) (409, 222)
(307, 216) (409, 222)
(299, 218) (402, 225)
(299, 218) (401, 226)
(298, 219) (401, 225)
(298, 219) (400, 226)
(297, 219) (400, 225)
(297, 219) (400, 225)
(297, 219) (400, 226)
(300, 219) (402, 225)
(307, 216) (408, 222)
(308, 214) (410, 221)
(309, 215) (412, 221)
(311, 216) (413, 223)
(313, 217) (414, 224)
(313, 217) (414, 224)
(313, 217) (414, 223)
(306, 218) (409, 226)
(305, 219) (406, 226)
(305, 219) (405, 226)
(304, 219) (405, 226)
(305, 219) (403, 227)
(298, 218) (402, 225)
(296, 217) (400, 225)
(294, 217) (399, 224)
(289, 217) (396, 223)
(288, 217) (386, 223)
(287, 217) (384, 222)
(287, 217) (395, 223)
(286, 217) (384, 222)
(296, 219) (399, 224)
(296, 219) (399, 225)
(297, 219) (398, 225)
(296, 220) (399, 225)
(298, 219) (400, 225)
(299, 219) (399, 225)
(297, 219) (399, 225)
(294, 218) (398, 224)
(286, 218) (392, 223)
(286, 218) (391, 223)
(285, 218) (392, 223)
(285, 218) (390, 223)
(285, 218) (390, 222)
(290, 217) (395, 223)
(294, 218) (396, 224)
(295, 218) (397, 223)
(295, 218) (398, 223)
(296, 218) (398, 224)
(295, 219) (397, 224)
(296, 219) (398, 224)
(298, 220) (399, 225)
(302, 222) (404, 228)
(309, 224) (410, 230)
(314, 225) (414, 231)
(313, 225) (414, 231)
(312, 224) (413, 230)
(316, 226) (415, 233)
(318, 225) (417, 231)
(318, 226) (419, 231)
(318, 226) (418, 231)
(318, 227) (420, 232)
(319, 226) (418, 231)
(315, 227) (418, 231)
(316, 225) (418, 230)
(316, 223) (420, 229)
(319, 222) (422, 228)
(320, 221) (422, 227)
(322, 221) (423, 227)
(326, 222) (428, 228)
(328, 221) (430, 228)
(328, 222) (429, 228)
(328, 223) (428, 229)
(329, 225) (428, 231)
(325, 227) (426, 232)
(324, 229) (425, 234)
(329, 231) (429, 237)
(332, 232) (432, 238)
(333, 232) (432, 239)
(333, 232) (432, 239)
(334, 229) (430, 236)
(335, 227) (433, 234)
(337, 225) (436, 233)
(341, 223) (438, 232)
(344, 221) (444, 230)
(346, 219) (445, 228)
(349, 217) (447, 227)
(352, 216) (447, 225)
(342, 217) (440, 224)
(331, 218) (433, 224)
(323, 219) (426, 222)
(315, 218) (419, 220)
(311, 216) (415, 217)
(310, 210) (413, 212)
(308, 207) (413, 209)
(310, 205) (415, 207)
(309, 202) (416, 205)
(316, 202) (419, 205)
(314, 201) (421, 205)
(315, 201) (421, 205)
(317, 201) (421, 205)
(315, 201) (422, 205)
(318, 201) (422, 205)
(315, 200) (422, 205)
(318, 201) (422, 205)
(318, 201) (422, 205)
(319, 201) (420, 205)
(317, 201) (423, 205)
(316, 201) (423, 205)
(318, 202) (423, 205)
(320, 202) (424, 206)
(320, 202) (424, 206)
(321, 202) (424, 207)
(321, 202) (423, 207)
(317, 202) (423, 207)
(317, 202) (423, 207)
(319, 203) (423, 207)
(320, 203) (423, 208)
(318, 203) (423, 208)
(317, 202) (424, 207)
(318, 203) (423, 207)
(318, 202) (423, 207)
(319, 202) (424, 207)
(317, 201) (423, 206)
(317, 201) (422, 206)
(317, 201) (423, 206)
(317, 200) (422, 206)
(318, 200) (424, 206)
(315, 200) (421, 205)
(314, 200) (421, 205)
(315, 200) (421, 205)
(314, 200) (421, 205)
(316, 200) (422, 205)
(322, 200) (422, 205)
(319, 200) (425, 205)
(321, 200) (424, 205)
(321, 200) (425, 205)
(319, 200) (425, 205)
(320, 200) (425, 205)
(318, 200) (425, 205)
(322, 201) (425, 206)
(319, 200) (425, 206)
(320, 201) (426, 207)
(321, 201) (425, 207)
(321, 201) (425, 207)
(321, 202) (425, 207)
(322, 202) (425, 207)
(321, 201) (426, 207)
(320, 201) (426, 207)
(319, 201) (425, 207)
(321, 201) (425, 206)
(320, 200) (425, 206)
(319, 201) (424, 206)
(321, 201) (425, 206)
(320, 200) (425, 206)
(320, 200) (424, 206)
(320, 200) (424, 206)
(321, 198) (426, 204)
(320, 198) (426, 204)
(321, 198) (426, 204)
(323, 198) (426, 204)
(319, 197) (425, 203)
(318, 196) (426, 202)
(318, 197) (425, 203)
(318, 197) (425, 203)
(318, 197) (425, 203)
(318, 197) (422, 203)
(318, 198) (425, 203)
(319, 198) (425, 204)
(320, 199) (425, 205)
(319, 200) (425, 205)
(319, 200) (424, 205)
(318, 200) (423, 206)
(318, 200) (423, 206)
(321, 201) (423, 206)
(318, 200) (423, 206)
(317, 201) (424, 206)
(317, 200) (423, 206)
(318, 200) (424, 205)
(317, 200) (424, 205)
(318, 199) (424, 205)
(317, 199) (422, 205)
(316, 199) (423, 205)
(317, 199) (422, 205)
(317, 199) (423, 204)
(317, 199) (422, 204)
(316, 199) (418, 204)
(316, 198) (419, 203)
(315, 196) (421, 202)
(315, 196) (421, 201)
(315, 196) (420, 202)
(313, 195) (418, 201)
(313, 196) (417, 201)
(313, 196) (418, 202)
(314, 196) (420, 202)
(316, 197) (422, 203)
(316, 198) (421, 204)
(318, 200) (422, 206)
(319, 201) (424, 207)
(321, 203) (424, 208)
(320, 205) (421, 210)
(319, 207) (423, 212)
(319, 210) (424, 215)
(320, 211) (424, 217)
(321, 211) (422, 216)
(321, 211) (422, 216)
(320, 209) (425, 215)
(320, 207) (424, 213)
(318, 207) (423, 213)
(319, 207) (424, 213)
(321, 208) (425, 214)
(325, 209) (428, 217)
(330, 211) (434, 222)
(337, 213) (437, 225)
(339, 214) (436, 226)
(334, 213) (432, 224)
(329, 213) (433, 223)
(333, 214) (436, 225)
(333, 212) (437, 224)
(334, 213) (438, 224)
(334, 213) (438, 225)
(335, 213) (438, 225)
(334, 213) (438, 225)
(332, 213) (436, 224)
(325, 212) (429, 220)
(316, 212) (419, 218)
(309, 214) (413, 218)
(305, 218) (408, 221)
(307, 222) (405, 224)
(309, 225) (404, 227)
(310, 226) (405, 229)
(315, 227) (412, 230)
(318, 227) (412, 230)
(319, 228) (414, 231)
(321, 228) (417, 231)
(322, 227) (415, 232)
(318, 227) (414, 231)
(315, 228) (413, 231)
(308, 228) (404, 229)
(301, 229) (396, 229)
(292, 231) (392, 229)
(285, 233) (383, 228)
(278, 234) (376, 229)
(275, 235) (371, 228)
(271, 236) (364, 227)
(267, 237) (360, 228)
(264, 238) (356, 228)
(263, 238) (352, 228)
None None
(272, 236) (369, 229)
(284, 235) (382, 230)
(299, 232) (394, 231)
(311, 231) (410, 233)
(317, 231) (415, 234)
(320, 230) (418, 234)
(321, 228) (418, 233)
(321, 227) (419, 232)
(320, 223) (419, 229)
(321, 218) (415, 223)
(322, 216) (421, 222)
(326, 215) (425, 221)
(333, 218) (428, 225)
(341, 215) (435, 224)
(349, 213) (440, 222)
(351, 211) (445, 220)
(355, 210) (449, 219)
(360, 206) (453, 215)
(364, 199) (460, 208)
(369, 189) (469, 199)
(369, 190) (471, 198)
(366, 188) (468, 197)
(364, 188) (466, 196)
(362, 190) (464, 198)
(359, 190) (461, 196)
(355, 189) (457, 195)
(352, 189) (454, 195)
(350, 189) (453, 195)
(351, 189) (455, 195)
(349, 188) (458, 195)
(360, 190) (464, 196)
(365, 190) (470, 196)
(370, 187) (472, 194)
(378, 182) (478, 190)
(384, 178) (486, 186)
(388, 174) (494, 182)
(396, 170) (498, 178)
