281 175 406 175
281 175 407 175
281 176 406 175
281 175 407 176
282 175 407 175
281 175 407 175
281 175 406 175
281 175 407 174
281 176 407 175
282 175 407 175
281 175 411 176
279 175 405 174
280 174 405 174
280 175 405 175
279 175 404 174
277 175 401 175
277 174 401 174
276 174 399 174
273 174 396 175
272 174 398 175
269 174 396 176
269 176 396 177
272 175 398 176
272 176 396 178
273 178 405 180
273 178 398 179
270 179 399 179
272 179 405 181
271 182 406 183
272 182 406 183
273 183 408 184
273 182 407 183
274 183 408 183
276 183 410 184
279 183 409 184
277 184 408 184
277 183 411 184
281 184 411 184
278 184 413 184
282 183 412 184
280 183 414 184
283 183 414 184
281 183 416 184
284 181 418 182
282 179 419 180
288 179 420 181
295 177 422 179
295 175 423 177
294 175 425 177
294 175 425 178
294 174 422 176
293 174 422 175
291 173 417 174
288 173 413 174
286 174 413 175
286 173 412 175
285 174 412 174
283 174 408 175
281 174 408 175
281 173 403 175
280 173 406 175
278 174 401 175
277 174 401 176
274 173 398 176
275 174 399 176
275 175 398 177
275 174 399 176
273 175 399 176
276 176 399 178
275 177 400 178
274 179 411 180
276 179 410 181
275 180 410 181
276 180 409 181
276 181 414 182
277 181 412 182
279 181 411 183
279 182 412 183
278 182 415 183
279 182 411 184
279 183 412 184
281 183 415 184
280 183 413 184
282 183 417 184
283 184 416 184
284 183 417 184
281 183 417 184
282 183 418 184
284 183 417 184
284 183 421 183
286 182 415 182
283 180 423 181
294 178 425 179
294 177 424 178
296 176 425 178
298 175 426 177
295 175 425 176
297 175 425 176
294 174 423 175
291 173 421 175
290 173 415 174
290 173 415 173
289 173 415 174
290 173 416 175
290 173 421 175
290 173 415 174
289 173 414 174
285 173 411 174
285 173 410 174
283 173 405 175
281 173 406 174
280 173 405 174
278 173 400 175
277 173 401 174
276 174 400 175
276 174 400 177
276 175 403 176
278 176 402 178
278 178 411 180
278 179 412 180
276 181 413 182
277 181 412 182
279 181 412 183
279 181 413 183
280 182 415 183
283 182 417 183
284 182 419 183
285 181 419 182
285 182 422 184
288 182 422 183
288 181 423 183
288 182 424 184
289 181 425 184
290 182 425 184
289 181 425 182
290 180 429 182
302 176 430 178
301 176 429 177
302 175 431 177
302 174 430 177
300 174 429 176
301 174 427 175
298 174 423 174
294 173 418 174
292 173 418 174
292 173 416 174
291 173 417 174
291 174 416 175
292 173 417 174
293 173 418 174
