(288, 100) (384, 100)
(288, 100) (385, 99)
(288, 100) (384, 98)
(288, 100) (384, 99)
(288, 100) (384, 99)
(288, 100) (383, 98)
(288, 101) (383, 99)
(289, 101) (384, 99)
(289, 101) (384, 99)
(292, 101) (387, 99)
(291, 101) (385, 99)
(291, 101) (385, 99)
(291, 101) (387, 99)
(291, 101) (387, 99)
(289, 99) (387, 99)
(291, 101) (387, 100)
(291, 99) (386, 99)
(290, 100) (387, 99)
(290, 100) (387, 100)
(291, 100) (387, 100)
(290, 99) (385, 99)
(289, 101) (388, 100)
(289, 99) (385, 99)
(290, 100) (386, 100)
(290, 100) (386, 101)
(293, 99) (388, 101)
(302, 100) (393, 103)
(304, 99) (396, 103)
(303, 98) (396, 102)
(304, 99) (396, 102)
(304, 98) (396, 102)
(305, 99) (396, 101)
(304, 98) (396, 101)
(303, 98) (396, 101)
(303, 98) (396, 101)
(303, 98) (396, 101)
(303, 98) (395, 100)
(302, 98) (395, 101)
(302, 99) (395, 100)
(302, 99) (395, 100)
(302, 99) (396, 101)
(298, 98) (394, 101)
(292, 101) (389, 101)
(290, 102) (386, 103)
(289, 102) (386, 102)
(284, 104) (376, 102)
(285, 103) (375, 102)
(284, 103) (376, 100)
(284, 103) (376, 101)
(283, 103) (375, 101)
(284, 102) (375, 101)
(284, 102) (374, 100)
(282, 103) (374, 100)
(282, 103) (374, 100)
(282, 102) (374, 100)
(282, 103) (374, 100)
(281, 103) (374, 100)
(282, 103) (374, 101)
(282, 101) (374, 100)
(282, 102) (374, 101)
(281, 103) (374, 100)
(282, 102) (374, 100)
(282, 102) (374, 100)
(282, 103) (374, 100)
(282, 102) (376, 99)
(289, 100) (386, 100)
(292, 101) (387, 102)
(292, 101) (387, 101)
(292, 101) (387, 101)
(291, 101) (385, 102)
(291, 101) (386, 102)
(291, 102) (383, 101)
(291, 101) (386, 102)
(291, 101) (386, 102)
(291, 101) (383, 101)
(291, 101) (383, 101)
(291, 101) (386, 102)
(293, 101) (388, 102)
(300, 101) (392, 103)
(301, 101) (392, 102)
(301, 100) (393, 101)
(301, 99) (395, 101)
(301, 99) (394, 100)
(302, 99) (394, 100)
(302, 99) (394, 100)
(292, 101) (387, 102)
(292, 101) (387, 102)
(291, 101) (387, 102)
(292, 101) (387, 102)
(291, 101) (387, 101)
(291, 101) (386, 101)
(291, 100) (385, 101)
(291, 101) (385, 101)
(290, 101) (386, 101)
(290, 101) (383, 101)
(291, 101) (384, 101)
(290, 101) (385, 101)
(291, 101) (386, 101)
(291, 101) (383, 101)
(291, 101) (385, 101)
(290, 101) (385, 101)
(291, 101) (385, 101)
(290, 101) (385, 101)
(291, 101) (385, 102)
(291, 101) (385, 102)
(290, 101) (386, 102)
(291, 101) (386, 102)
(295, 102) (382, 102)
(295, 102) (382, 103)
(295, 103) (382, 103)
(292, 103) (382, 103)
(296, 102) (382, 103)
(292, 103) (382, 103)
(291, 102) (382, 103)
(292, 102) (382, 103)
(296, 102) (382, 102)
(296, 103) (382, 103)
(291, 102) (382, 103)
(296, 102) (382, 103)
